A has 9 non-zero entries:
(1, 1.0) (2, 2.0) (3, 3.0) 
(1, 4.0) (2, 5.0) (3, 6.0) 

B has 6 non-zero entries:
(1, 1.0) (3, 1.0) 
(2, 1.0) 

(1.5)*A =
(1, 1.5) (2, 3.0) (3, 4.5) 
(1, 6.0) (2, 7.5) (3, 9.0) 

A+B =
(1, 2.0) (2, 2.0) (3, 4.0) 
(1, 4.0) (2, 6.0) (3, 6.0) 

A+A =
(1, 2.0) (2, 4.0) (3, 6.0) 
(1, 8.0) (2, 10.0) (3, 12.0) 

B-A =
(2, -2.0) (3, -2.0) 
(1, -4.0) (2, -4.0) (3, -6.0) 

A-A =

Transpose of A =
(1, 1.0) (2, 4.0) (3, 7.0) 
(1, 2.0) (2, 5.0) (3, 8.0) 

A*B =
(1, 3.0) (2, 4.0) (3, 3.0) 
(1, 9.0) (2, 10.0) (3, 9.0) 

B*B =
(1, 2.0) (2, 1.0) (3, 2.0) 
(1, 1.0) (2, 1.0) (3, 1.0) 

