A has 15 non-zero entries:
(1, 8596.3) (4, 5830.3) 
(4, -6315.9) 
(1, -3013.9) 
(5, -9229.6) (7, -2402.8) 
(1, -1114.8) (7, -9982.4) 
(4, 5568.6) (5, -3604.1) (7, 8095.4) 
(9, -644.5) 
(7, 1820.5) (8, -4961.3) (9, 9063.2) 

B has 12 non-zero entries:
(2, 835.0) 
(10, -872.5) 
(5, -5437.9) (8, 9269.1) 
(8, 6786.0) 
(2, 816.8) 
(3, 848.7) 
(1, -8517.1) (3, 2903.1) 
(9, 3664.7) 
(10, -2108.5) 

(1.5)*A =
(1, 12894.449999999999) (2, 8745.45) 
(1, -9473.849999999999) 
(1, -4520.85) 
(1, -13844.400000000001) (2, -3604.2000000000003) 
(1, -1672.1999999999998) (2, -14973.599999999999) 
(1, 8352.900000000001) (2, -5406.15) (3, 12143.099999999999) 
(1, -966.75) 
(1, 2730.75) (2, -7441.950000000001) (3, 13594.800000000001) 

A+B =
(1, 8596.3) (2, 835.0) (4, 5830.3) 
(4, -6315.9) (10, -872.5) 
(1, -3013.9) (5, -5437.9) (8, 9269.1) 
(5, -9229.6) (7, -2402.8) (8, 6786.0) 
(1, -1114.8) (2, 816.8) (7, -9982.4) 
(3, 848.7) (4, 5568.6) (5, -3604.1) (7, 8095.4) 
(1, -8517.1) (3, 2903.1) (9, -644.5) 
(7, 1820.5) (8, -4961.3) (9, 12727.900000000001) 
(10, -2108.5) 

A+A =
(1, 17192.6) (2, 11660.6) 
(1, -12631.8) 
(1, -6027.8) 
(1, -18459.2) (2, -4805.6) 
(1, -2229.6) (2, -19964.8) 
(1, 11137.2) (2, -7208.2) (3, 16190.8) 
(1, -1289.0) 
(1, 3641.0) (2, -9922.6) (3, 18126.4) 

B-A =
(1, -8596.3) (2, -4995.3) 
(1, 6315.9) (10, -872.5) 
(1, 3013.9) (5, -5437.9) (8, 9269.1) 
(1, 9229.6) (2, 2402.8) (8, 6786.0) 
(1, 1114.8) (2, 10799.199999999999) 
(1, -5568.6) (2, 3604.1) (3, -7246.7) 
(1, -7872.6) (3, 2903.1) 
(1, -1820.5) (2, 4961.3) (3, -9063.2) (9, 3664.7) 
(10, -2108.5) 

A-A =
(2, -5830.3) (4, 5830.3) 
(1, 6315.9) (4, -6315.9) 
(1, 9229.6) (2, 2402.8) (5, -9229.6) (7, -2402.8) 
(2, 9982.4) (7, -9982.4) 
(1, -5568.6) (2, 3604.1) (3, -8095.4) (4, 5568.6) (5, -3604.1) (7, 8095.4) 
(1, 644.5) (9, -644.5) 
(1, -1820.5) (2, 4961.3) (3, -9063.2) (7, 1820.5) (8, -4961.3) (9, 9063.2) 

Transpose of A =
(1, 8596.3) (3, -3013.9) (5, -1114.8) 
(1, 5830.3) (2, -6315.9) (6, 5568.6) 
(4, -9229.6) (6, -3604.1) 
(4, -2402.8) (5, -9982.4) (6, 8095.4) (8, 1820.5) 
(8, -4961.3) 
(7, -644.5) (8, 9063.2) 

A*B =
(1, -7.321554673E7) (2, 1.194009954E7) (3, 7295679.81) (4, 7.874038873999998E7) (5, -4.6745819769999996E7) (8, 7.967996433E7) (9, 3.1502860609999996E7) (10, -7500271.749999999) 
(1, 5.379315189E7) (2, -5158827.119999999) (3, -5360304.33) (4, -5.785238081999999E7) (8, -4.28596974E7) (9, -2.3145878729999997E7) (10, 1.3317075149999999E7) 
(1, 2.566968769E7) (2, -2516606.5) (3, -2557896.93) (4, -2.760672122E7) (5, 1.6389286809999999E7) (8, -2.7936140490000002E7) (9, -1.104503933E7) (10, 2629627.75) 
(1, 7.860942616000001E7) (2, -7538737.28) (3, -7833161.5200000005) (4, -8.454129008E7) (9, -3.382371512E7) (10, 1.94606116E7) 
(1, 9494863.08) (2, -930858.0) (3, -946130.76) (4, -1.021134504E7) (5, 6062170.919999999) (8, -1.033319268E7) (9, -4085407.5599999996) (10, 972663.0) 
(1, -4.742832306E7) (2, 4548432.48) (3, 2.822782656E7) (4, 5.100726228E7) (8, 3.77885196E7) (9, 2.040724842E7) (10, -1.1741393100000001E7) 
(4, -5903491.1) (10, 1358928.25) 
(1, -1.550538055E7) (3, 5285093.55) (4, 1.6675415899999999E7) (9, 6671586.35) (10, -3838524.25) 

B*B =
(1, -7111778.5) (2, 682028.0) (3, 708664.5) (4, 7648432.999999999) (5, -4540646.5) (8, 7739698.5) (9, 3060024.5) (10, -728537.5) 
(4, -7991925.499999999) 
(1, 4.6315138089999996E7) (2, -4441676.72) (3, -4615145.7299999995) (4, -4.9810076419999994E7) (9, -1.992827213E7) (10, 1.1465812149999999E7) 
(4, 6.21584028E7) (9, 2.48686542E7) (10, -1.4308281E7) 
(1, -6956767.28) (2, 667162.2399999999) (3, 693218.16) (4, 7481724.639999999) (5, -4441676.72) (8, 7571000.88) (9, 2993326.9599999995) (10, -712658.0) 
(1, -7228462.7700000005) (2, 693218.16) (3, 720291.6900000001) (4, 7773922.26) (5, -4615145.7299999995) (8, 7866685.170000001) (9, 3110230.89) (10, -1789483.9500000002) 
(1, 7.254099241000001E7) (2, -4740526.42) (3, -7228462.7700000005) (4, -7.801493258E7) (5, 4.6315138089999996E7) (8, -7.894585161E7) (9, -3.121261637E7) (10, 7431169.75) 
(4, 3.3567919059999995E7) (10, -7727019.949999999) 
(4, -1.9313438299999997E7) 

