A has 50 non-zero entries:
(3, -7433.3) (9, -7044.9) 
(5, -6018.9) (8, 2116.6) (12, -815.1) (14, -8592.6) 
(3, -9731.7) (13, -3487.3) (20, 4706.0) 
(4, 3252.7) (10, 5485.6) (16, -3544.5) (20, 7494.4) 
(1, 2195.8) 
(4, -1331.4) (5, 6744.1) (16, 4347.5) (20, 3768.4) 
(3, 8128.7) (4, -9090.5) (9, 8080.1) (15, -8204.6) 
(2, -5704.5) (10, -8284.5) (16, -3048.2) 
(1, -5040.3) (8, -2840.7) (10, 4934.7) (11, 3548.5) 
(15, 8622.2) (17, 9768.6) 
(9, 9142.2) 
(2, -7389.8) (6, 8410.6) 
(16, -9176.0) (17, -3214.9) 
(5, -9011.6) (20, 3194.6) 
(6, -5813.5) (11, -334.1) (12, 8941.3) 
(1, 2848.7) (7, -1429.9) (8, 4750.6) (15, 325.2) (16, 36.2) 

B has 40 non-zero entries:
(6, -7607.6) 
(2, 9792.3) 
(14, 3717.5) 
(8, 7726.8) (9, -5056.4) (16, 4544.1) (20, -4788.1) 
(4, 3948.1) (6, 650.6) (11, -6087.6) 
(6, -3442.1) (8, 6019.1) (17, -6543.7) 
(2, 8989.5) (6, -605.6) (17, 7789.1) 
(7, -4702.6) (8, 2218.0) (9, 3894.5) 
(2, -1821.5) (7, 2671.7) (12, -7499.9) (17, -3793.7) 
(13, 2285.5) 
(3, -9078.3) (8, 9314.0) (9, -3934.8) 
(2, 8936.5) (9, 2346.3) 
(7, 7374.4) 
(20, -6863.8) 
(2, -7953.6) (6, -390.0) (12, -314.5) (13, 3324.5) 
(5, -1692.8) (12, -7007.8) (15, -8201.1) 

(1.5)*A =
(1, -11149.95) (2, -10567.349999999999) 
(1, -9028.349999999999) (2, 3174.8999999999996) (3, -1222.65) (4, -12888.900000000001) 
(1, -14597.550000000001) (2, -5230.950000000001) (3, 7059.0) 
(1, 4879.049999999999) (2, 8228.400000000001) (3, -5316.75) (4, 11241.599999999999) 
(1, 3293.7000000000003) 
(1, -1997.1000000000001) (2, 10116.150000000001) (3, 6521.25) (4, 5652.6) 
(1, 12193.05) (2, -13635.75) (3, 12120.150000000001) (4, -12306.900000000001) 
(1, -8556.75) (2, -12426.75) (3, -4572.299999999999) 
(1, -7560.450000000001) (2, -4261.049999999999) (3, 7402.049999999999) (4, 5322.75) 
(1, 12933.300000000001) (2, 14652.900000000001) 
(1, 13713.300000000001) 
(1, -11084.7) (2, 12615.900000000001) 
(1, -13764.0) (2, -4822.35) 
(1, -13517.400000000001) (2, 4791.9) 
(1, -8720.25) (2, -501.15000000000003) (3, 13411.949999999999) 
(1, 4273.049999999999) (2, -2144.8500000000004) (3, 7125.900000000001) (4, 487.79999999999995) (5, 54.300000000000004) 

A+B =
(6, -7607.6) 
(2, 9792.3) 
(3, -7433.3) (9, -7044.9) (14, 3717.5) 
(5, -6018.9) (8, 9843.4) (9, -5056.4) (12, -815.1) (14, -8592.6) (16, 4544.1) (20, -4788.1) 
(3, -9731.7) (4, 3948.1) (6, 650.6) (11, -6087.6) (13, -3487.3) (20, 4706.0) 
(6, -3442.1) (8, 6019.1) (17, -6543.7) 
(4, 3252.7) (10, 5485.6) (16, -3544.5) (20, 7494.4) 
(1, 2195.8) (2, 8989.5) (6, -605.6) (17, 7789.1) 
(4, -1331.4) (5, 6744.1) (7, -4702.6) (8, 2218.0) (9, 3894.5) (16, 4347.5) (20, 3768.4) 
(2, -1821.5) (3, 8128.7) (4, -9090.5) (7, 2671.7) (9, 8080.1) (12, -7499.9) (15, -8204.6) (17, -3793.7) 
(2, -5704.5) (10, -8284.5) (13, 2285.5) (16, -3048.2) 
(1, -5040.3) (8, -2840.7) (10, 4934.7) (11, 3548.5) 
(3, -9078.3) (8, 9314.0) (9, -3934.8) (15, 8622.2) (17, 9768.6) 
(2, 8936.5) (9, 11488.5) 
(2, -7389.8) (6, 8410.6) 
(7, 7374.4) (16, -9176.0) (17, -3214.9) 
(5, -9011.6) (20, -3669.2000000000003) 
(2, -7953.6) (6, -6203.5) (11, -334.1) (12, 8626.8) (13, 3324.5) 
(1, 2848.7) (5, -1692.8) (7, -1429.9) (8, 4750.6) (12, -7007.8) (15, -7875.900000000001) (16, 36.2) 

A+A =
(1, -14866.6) (2, -14089.8) 
(1, -12037.8) (2, 4233.2) (3, -1630.2) (4, -17185.2) 
(1, -19463.4) (2, -6974.6) (3, 9412.0) 
(1, 6505.4) (2, 10971.2) (3, -7089.0) (4, 14988.8) 
(1, 4391.6) 
(1, -2662.8) (2, 13488.2) (3, 8695.0) (4, 7536.8) 
(1, 16257.4) (2, -18181.0) (3, 16160.2) (4, -16409.2) 
(1, -11409.0) (2, -16569.0) (3, -6096.4) 
(1, -10080.6) (2, -5681.4) (3, 9869.4) (4, 7097.0) 
(1, 17244.4) (2, 19537.2) 
(1, 18284.4) 
(1, -14779.6) (2, 16821.2) 
(1, -18352.0) (2, -6429.8) 
(1, -18023.2) (2, 6389.2) 
(1, -11627.0) (2, -668.2) (3, 17882.6) 
(1, 5697.4) (2, -2859.8) (3, 9501.2) (4, 650.4) (5, 72.4) 

B-A =
(6, -7607.6) 
(2, 9792.3) 
(1, 7433.3) (2, 7044.9) (14, 3717.5) 
(1, 6018.9) (2, -2116.6) (3, 815.1) (4, 8592.6) (8, 7726.8) (9, -5056.4) (16, 4544.1) (20, -4788.1) 
(1, 9731.7) (2, 3487.3) (3, -4706.0) (4, 3948.1) (6, 650.6) (11, -6087.6) 
(6, -3442.1) (8, 6019.1) (17, -6543.7) 
(1, -3252.7) (2, -5485.6) (3, 3544.5) (4, -7494.4) 
(1, -2195.8) (2, 8989.5) (6, -605.6) (17, 7789.1) 
(1, 1331.4) (2, -6744.1) (3, -4347.5) (4, -3768.4) (7, -4702.6) (8, 2218.0) (9, 3894.5) 
(1, -8128.7) (2, 7269.0) (3, -8080.1) (4, 8204.6) (7, 2671.7) (12, -7499.9) (17, -3793.7) 
(1, 5704.5) (2, 8284.5) (3, 3048.2) (13, 2285.5) 
(1, 5040.3) (2, 2840.7) (3, -4934.7) (4, -3548.5) 
(1, -8622.2) (2, -9768.6) (3, -9078.3) (8, 9314.0) (9, -3934.8) 
(1, -9142.2) (2, 8936.5) (9, 2346.3) 
(1, 7389.8) (2, -8410.6) 
(1, 9176.0) (2, 3214.9) (7, 7374.4) 
(1, 9011.6) (2, -3194.6) (20, -6863.8) 
(1, 5813.5) (2, -7619.5) (3, -8941.3) (6, -390.0) (12, -314.5) (13, 3324.5) 
(1, -2848.7) (2, 1429.9) (3, -4750.6) (4, -325.2) (5, -1729.0) (12, -7007.8) (15, -8201.1) 

A-A =
(1, 7433.3) (2, 7044.9) (3, -7433.3) (9, -7044.9) 
(1, 6018.9) (2, -2116.6) (3, 815.1) (4, 8592.6) (5, -6018.9) (8, 2116.6) (12, -815.1) (14, -8592.6) 
(1, 9731.7) (2, 3487.3) (3, -14437.7) (13, -3487.3) (20, 4706.0) 
(1, -3252.7) (2, -5485.6) (3, 3544.5) (4, -4241.7) (10, 5485.6) (16, -3544.5) (20, 7494.4) 
(1, 1331.4) (2, -6744.1) (3, -4347.5) (4, -5099.8) (5, 6744.1) (16, 4347.5) (20, 3768.4) 
(1, -8128.7) (2, 9090.5) (3, 48.599999999999454) (4, -885.8999999999996) (9, 8080.1) (15, -8204.6) 
(1, 5704.5) (2, 2580.0) (3, 3048.2) (10, -8284.5) (16, -3048.2) 
(2, 2840.7) (3, -4934.7) (4, -3548.5) (8, -2840.7) (10, 4934.7) (11, 3548.5) 
(1, -8622.2) (2, -9768.6) (15, 8622.2) (17, 9768.6) 
(1, -9142.2) (9, 9142.2) 
(1, 7389.8) (2, -15800.400000000001) (6, 8410.6) 
(1, 9176.0) (2, 3214.9) (16, -9176.0) (17, -3214.9) 
(1, 9011.6) (2, -3194.6) (5, -9011.6) (20, 3194.6) 
(1, 5813.5) (2, 334.1) (3, -8941.3) (6, -5813.5) (11, -334.1) (12, 8941.3) 
(2, 1429.9) (3, -4750.6) (4, -325.2) (5, -36.2) (7, -1429.9) (8, 4750.6) (15, 325.2) (16, 36.2) 

Transpose of A =
(8, 2195.8) (12, -5040.3) (19, 2848.7) 
(11, -5704.5) (15, -7389.8) 
(3, -7433.3) (5, -9731.7) (10, 8128.7) 
(7, 3252.7) (9, -1331.4) (10, -9090.5) 
(4, -6018.9) (9, 6744.1) (17, -9011.6) 
(15, 8410.6) (18, -5813.5) 
(19, -1429.9) (20, -3490.5) 
(4, 2116.6) (12, -2840.7) (19, 4750.6) 
(3, -7044.9) (10, 8080.1) (14, 9142.2) 
(7, 5485.6) (11, -8284.5) (12, 4934.7) 
(12, 3548.5) (18, -334.1) 
(4, -815.1) (18, 8941.3) 
(5, -3487.3) 
(4, -8592.6) 
(10, -8204.6) (13, 8622.2) (19, 325.2) 
(7, -3544.5) (9, 4347.5) (11, -3048.2) (16, -9176.0) (19, 36.2) (20, -6639.6) 
(13, 9768.6) (16, -3214.9) (20, -1453.4) 
(20, 2112.4) 

A*B =
(2, -6.682165035E7) (3, 6.748172739E7) (4, -2.934741173E7) (5, 1.258309024E7) (6, -4836104.98) (7, 3.4955836580000006E7) (8, -5.7435622440000005E7) (9, 3.758573812E7) (11, 4.5250957080000006E7) (12, 5.574900667E7) (13, -1.6988807150000002E7) (14, -2.763329275E7) (15, 6.096123663E7) (16, -3.377765853E7) (17, 4.864128521E7) (20, 3.5591383730000004E7) 
(2, -6.1391042699999996E7) (3, 5.464137986999999E7) (4, -2.376321909E7) (5, 1.018879392E7) (6, -4879820.3) (7, 2.2293605700000003E7) (8, -4.382020239E7) (9, -2.0233350569999997E7) (11, 3.664065564E7) (12, 4.5397497059999995E7) (13, -1.6465995899999999E7) (15, 4.199407491E7) (17, 3.938587593E7) (20, 4.131252582E7) 
(2, -7.740380635000001E7) (3, 8.834729211E7) (4, -3.842172477E7) (5, 1.6473821760000002E7) (6, -6331444.0200000005) (7, 4.576429242000001E7) (8, -7.519489956E7) (9, 4.920736788E7) (11, 5.924269692000001E7) (12, 7.298677683E7) (13, -2.224180035E7) (14, -3.617759475E7) (15, 1.2234723767E8) (16, -4.4221817970000006E7) (17, 6.368132529000001E7) (20, 4.659635277000001E7) 
(2, 5.743168185E7) (3, -2.9528986409999996E7) (4, 1.284198487E7) (5, -5506170.56) (6, 3498561.62) (7, -4.143470781999999E7) (8, 7.622584076E7) (9, -3.803169116E7) (11, -1.980113652E7) (12, -2.3280179479999997E7) (13, -4349644.4) (15, -5.871374456999999E7) (16, 1.478059407E7) (17, -2.128469299E7) (20, -5.3226314150000006E7) 
(2, 2.150193234E7) (3, -1.993413114E7) (4, 8669237.98) (5, -3717050.24) (6, -1.6704768080000002E7) (7, -1.0325969080000002E7) (8, 1.696650744E7) (9, -1.1102843120000001E7) (11, -1.3367152080000002E7) (12, -1.646828042E7) (13, 5018500.9) (14, 8162886.500000001) (15, -1.8007975380000003E7) (16, 9977934.780000001) (17, -1.436865646E7) (20, -1.0513709980000002E7) 
(2, -4.65468963E7) (3, 1.208684862E7) (4, -5256500.34) (5, 2253793.92) (6, -2561733.84) (7, 3.832124564E7) (8, 3.030595079E7) (9, 3.2996988410000004E7) (11, 8105030.640000001) (12, 8618078.11) (13, 1.141034905E7) (15, 5.021512754E7) (16, -6050014.740000001) (17, 8712282.18) (20, -3.991527724E7) 
(2, 5.835504649999999E7) (3, -7.379477721E7) (4, 3.209292047E7) (5, -1.376026336E7) (6, 2137293.2199999997) (7, -1.6638421450000007E7) (8, 8.073050096E7) (9, -9634009.229999997) (11, -4.9484274120000005E7) (12, -6.350562858E7) (13, 4.54404363E7) (14, 3.021844225E7) (15, 6370126.309999995) (16, 3.693762567E7) (17, -8.384524956E7) (20, -9.438121885E7) 
(2, -1.6525795079999994E7) (3, 5.1787162349999994E7) (4, -2.252193645E7) (5, 9656577.6) (6, -2522549.7) (7, 4347335.620000005) (8, -4.40775306E7) (9, 2.8844233799999997E7) (11, 3.47267142E7) (12, 4.3741838449999996E7) (13, -2.317137565E7) (14, -2.120647875E7) (15, 1.9231104790000007E7) (16, -2.5921818450000003E7) (17, 3.732853665E7) (20, 4.823595161E7) 
(2, -2.6633515489999995E7) (3, 4.5757355489999995E7) (4, -1.989960843E7) (5, 8532219.84) (6, 3.81403812E7) (7, 6.3054611169999994E7) (8, 7016405.759999998) (9, 6068715.359999999) (11, 3.068333028E7) (12, 3.624978282E7) (13, 4885804.499999998) (14, -1.873731525E7) (15, 8.593977069E7) (16, -2.2903627230000004E7) (17, 1.4261439720000003E7) (20, -9737333.429999996) 
(2, -6.857752992E7) (5, -1.459566016E7) (6, -3362658.0000000005) (7, 6.358355168E7) (12, -2711681.9000000004) (13, 2.8664503900000002E7) (15, -7.071152442E7) (20, -5.918105636000001E7) 
(2, -1.66525173E7) (3, -8.299563426E7) (5, -1.547591616E7) (6, -3565458.0000000005) (7, -4.2992109720000006E7) (8, 2.02773996E7) (9, 3.5604297900000006E7) (12, -6.856558578E7) (13, 2.08944981E7) (15, -7.497609642000002E7) (17, -3.468276414E7) (20, -6.275023236000001E7) 
(2, 3243950.1600000113) (3, 6.7086821339999996E7) (4, -2.917566938E7) (5, 1.250945344E7) (6, -4807803.88) (7, 3.4751273480000004E7) (8, -5.709950664E7) (9, 3.736578472E7) (11, 4.4986146480000004E7) (12, 5.5422761019999996E7) (13, -1.6889387900000002E7) (14, -2.74715815E7) (15, 6.060448878E7) (16, -3.357999018000001E7) (17, 4.835663426E7) (20, 3.538310138E7) 
(2, 7.298223360000001E7) (5, 1.5533132799999999E7) (6, 3578640.0) (7, -6.766749439999999E7) (12, 2885852.0) (13, -3.0505612E7) (15, 7.525329360000001E7) (20, 6.2982228800000004E7) 
(2, -8.10097782E7) (3, 8.181000828E7) (4, -3.557869796E7) (5, 1.525483648E7) (6, -5862946.960000001) (7, 4.2377950160000004E7) (8, -5.424172156E7) (9, -3.50956762E7) (11, 5.4859016160000004E7) (12, 6.758609884E7) (13, -2.05960118E7) (15, 7.390503276E7) (17, 5.896920692E7) (20, 6.1853820080000006E7) 
(2, 2.7643469199999988E7) (3, 5.277669705E7) (5, 9841092.799999999) (6, 2.0140947349999998E7) (7, 9.327528782E7) (8, -3.810384525E7) (9, -5.782290299E7) (12, 4.07886298E7) (13, 1.6438597599999998E7) (15, 1.2849571728999999E8) (17, 3.8041799949999996E7) (20, 3.9902701300000004E7) 
(2, 6.801433299000001E7) (3, -2.5861353209999997E7) (4, 1.1246952469999999E7) (5, -4822279.359999999) (6, -2.093265068E7) (7, -437165.32000000146) (8, 3.254816596E7) (9, 4097045.020000005) (11, -1.734174612E7) (12, -2.3112711189999998E7) (13, 2.230407355E7) (14, 1.059004225E7) (15, 1.957724971E7) (16, 1.294477767E7) (17, 1.8361860270000003E7) (20, -4.624702875000001E7) 

B*B =
(2, -6.83885202E7) (3, 6.906407508E7) (5, 1.2878145280000001E7) (6, 2.618611996E7) (7, 3.5775499760000005E7) (8, -4.5790905160000004E7) (9, -2.9627798200000003E7) (12, 5.705623924E7) (13, -1.73871698E7) (15, 6.239068836000001E7) (17, 4.978185212E7) (20, 5.221704488E7) 
(2, 9.588913928999999E7) (3, -8.889743708999999E7) (4, 3.8660979629999995E7) (5, -1.6576405439999998E7) (6, 6370870.38) (7, -4.604926998E7) (8, 7.566314364E7) (9, -4.951378571999999E7) (11, -5.961160548E7) (12, -7.344127077E7) (13, 2.238030165E7) (14, 3.640287525E7) (15, -8.030763153E7) (16, 4.449719043E7) (17, -6.407787350999999E7) (20, -4.688651163E7) 
(2, 3.322143875E7) (5, -6292984.0) (6, -1449825.0) (7, 2.7414332E7) (9, 8722370.25) (12, -1169153.75) (13, 1.235882875E7) (15, -3.048758925E7) (20, -2.55161765E7) 
(2, 6.841514862E7) (3, -7.014620844E7) (5, -1.307992704E7) (6, -2707354.08) (7, -2826038.6400000043) (8, 1.7138042400000002E7) (9, 3.00920226E7) (12, -5.937934677E7) (13, 3.276646185E7) (15, -2.2295048400000006E7) (17, 7.936728256E7) (20, -5.303520984E7) 
(2, -1.891039245000001E7) (3, -3.584203623E7) (4, 1.558749361E7) (5, -6683343.68) (6, 4942797.859999999) (7, -6.34587325E7) (8, -2.2277700860000007E7) (9, -1.742941114E7) (11, -2.4034453560000002E7) (12, -2.769580499E7) (13, -1.1214843650000004E7) (15, -8.740336178999999E7) (16, 1.794056121E7) (17, -2.583518197E7) (20, -2.336948589E7) 
(2, 2.110321437E7) (3, 3.1248416429999996E7) (5, 5826786.88) (6, 1.075492845E7) (7, 1.618681946E7) (8, -7367980.309999999) (9, -1.340525845E7) (12, 2.7873399439999998E7) (13, -2.96214502E7) (15, -3.0918189249999996E7) (17, 6.940744158E7) (20, 2.362588598E7) 
(2, 8.258383964999999E7) (3, -8.160937785E7) (4, 3.5491444949999996E7) (5, -1.52174256E7) (6, 2810819.7) (7, -4.22740227E7) (8, 6.946006860000001E7) (9, -4.54545078E7) (11, -5.47244802E7) (12, -6.9870023E7) (13, 4.64403652E7) (14, 3.341846625E7) (15, -3319671.370000005) (16, 4.084918695E7) (17, -5.882459115E7) (20, -9.650544953E7) 
(2, -4.936785445E7) (3, 4.269161358E7) (5, 7960561.28) (6, 1329039.5600000005) (7, 3.251938241E7) (8, 2.58430062E7) (9, -3.3638354300000004E7) (12, 3.404420949E7) (13, 2199472.9499999993) (15, 7.376809946000001E7) (17, -5.140358631E7) (20, 3.2277705880000003E7) 
(2, 3.6354145019999996E7) (3, 1.653612345E7) (4, -7191464.149999999) (5, 3083435.1999999997) (6, 1739893.0999999999) (7, -4.674147666E7) (8, -8.39284348E7) (9, 3.872083912E7) (11, 1.10885634E7) (12, 1.6019786399999999E7) (13, -2.9096455799999997E7) (14, -6771426.25) (15, -5.285179246999999E7) (16, -8277078.15) (17, 1.1919349549999999E7) (20, 6.0199337769999996E7) 
(2, 2.042437075E7) (3, -2.074845465E7) (5, -3868894.4) (6, -891345.0) (7, 1.68541912E7) (8, 2.1287147E7) (9, -8992985.4) (12, -718789.75) (13, 7598144.75) (15, -1.874361405E7) (20, -1.56872149E7) 
(2, -7.444213964999999E7) (3, 8.241553088999999E7) (4, -3.584203623E7) (5, 1.5367746239999998E7) (6, -4371769.9799999995) (7, 3.2179008419999998E7) (8, -7.887359484E7) (9, 3.057943751999999E7) (11, 5.526505908E7) (12, 6.932383676999998E7) (13, -3.382969725E7) (14, -3.374858025E7) (15, 3.888617588999999E7) (16, -4.125270303E7) (17, 7.433312247E7) (20, 7.047548847E7) 
(2, 8.323510349999999E7) (3, -8.112822794999999E7) (4, 3.528219565E7) (5, -1.51277072E7) (6, 5814086.9) (7, -4.2024784900000006E7) (8, 6.90505482E7) (9, -4.5186518599999994E7) (11, -5.4401837400000006E7) (12, -6.7022856349999994E7) (13, 2.042437075E7) (14, 3.322143875E7) (15, -7.328913015E7) (16, 4.0608349650000006E7) (17, -5.847777505E7) (20, -4.2788855650000006E7) 
(2, 6.62921688E7) (3, -6.694701551999999E7) (5, -1.2483384319999998E7) (6, -4465936.64) (7, -3.467885344E7) (8, 1.63564192E7) (9, 2.8719600799999997E7) (12, -5.5307262559999995E7) (13, 1.68541912E7) (15, -6.0478191839999996E7) (17, 5.743993904E7) (20, -5.061640672E7) 
(2, -1.4700886840000002E7) (15, -6.204051544E7) 
(2, -5.168054803E7) (3, 7.220516688E7) (4, -3.140160816E7) (5, 1.346385408E7) (6, -5051957.16) (7, 3.508335056000001E7) (8, -6.4385129480000004E7) (9, 4.145407764E7) (11, 4.841833536000001E7) (12, 5.975011489E7) (13, -1.922350805E7) (14, -2.9567508E7) (15, 6.238556636000001E7) (16, -3.6141953760000005E7) (17, 5.204597232E7) (20, 4.0241297260000005E7) 
(2, 5.001084336000001E7) (3, 1.5367746239999998E7) (4, -6683343.68) (5, 2865571.84) (6, 1631706.32) (7, -5.2517630559999995E7) (8, -1.018913248E7) (9, -6592609.6) (11, 1.0305089280000001E7) (12, 1.5275076669999998E7) (13, -3.113345135E7) (15, -6.0245280599999994E7) (17, 1.107717536E7) (20, 1.161904064E7) 

